#== Código base ==#
#==using JuMP, Statistics, Ipopt

r = [] #ativos
n = length(r) #número de ativos no portfólio
Q = [] #matriz de covâriancia
β = [] #beta das ações
σ₁ = #variância do índice de mercado
ϕ = 0.6882701131824347 #parâmetro trade-off
#ϕ = 0.0053 #parâmetro trade-off
#ϕ = 5 #parâmetro trade-off
μ₁ = #média geral dos índices 

m = Model(Ipopt.Optimizer)

@variable(m, w[1:n])

@objective(m, Min, w'*Q*w - (2*σ₁^2)*w'β + σ₁^2 - ϕ*(w'*r - μ₁)) 

@constraint(m, sum(w[1:n]) == 1)

for i = 1:n
@constraint(m, w[i] ≥ 0)
@constraint(m, w[i] ≤ 1)
end

#print(m) #opcional

optimize!(m)

#== Dados do exemplo 2 ==# 
r = [0.0041, 0.0633, 0.0431]
β = [1.17, 0.43, 0.92]
Q = [ 0.223279 0.050646 0.102968
      0.050646 0.108627 0.044862
      0.102968 0.044862 0.121053]
σ₁ = 0.0013057476956257327
μ₁ = 0.22697953501619436


#== Dados do exemplo 3 ==#
r = [0.0431, 0.0633, 0.0041, 0.0584, 0.0099, 0.0103, 0.0063, -0.0241, 0.0258, 0.0317]
β = [0.92, 0.43, 1.17, 0.96, 1.36, 1.36, 1.09, 2.22, 0.83, 0.84]
Q = [0.223274 0.050651 0.102972 0.128344 0.120082 0.146923 0.111919 0.228058 0.126618 0.119423
     0.050651 0.108627 0.044869 0.060202 0.058166 0.057372 0.048330 0.098897 0.070295 0.067059 
     0.102972 0.044869 0.121076 0.102162 0.126835 0.129980 0.091465 0.169910 0.091560 0.088373 
     0.128344 0.060202 0.102162 0.205449 0.127876 0.143027 0.097140 0.224341 0.142861 0.129363 	 	
     0.120082 0.058166 0.126835 0.127876 0.177950 0.166299 0.098543 0.210882 0.114012 0.110818
     0.146923 0.057372 0.129980 0.143027 0.166299 0.216354 0.123415 0.248592 0.144094 0.129073  		   
     0.111919 0.048330 0.091465 0.097140 0.098543 0.123415 0.313549 0.198984 0.108612 0.109576 	
     0.228058 0.098897 0.169910 0.224341 0.210882 0.248592 0.198984 0.669325 0.236727 0.210251
     0.126618 0.070295 0.091560 0.142861 0.114012 0.144094 0.108612 0.236727 0.298378 0.169989
     0.119423 0.067059 0.088373 0.129363 0.110818 0.129073 0.109576 0.210251 0.169989 0.209906]
σ₁ = 0.0013057476956257327
μ₁ = 0.22697953501619436

#== Dados do exemplo 4 ==#
r = [0.0431, 0.0633, 0.0041, 0.0584, 0.0099, 0.0103, 0.0063, -0.0241, 0.0258, 0.0317, 0.0453, 0.0160, -0.0111, 0.1321, 0.0280]
β = [0.92, 0.43, 1.17, 0.96, 1.36, 1.36, 1.09, 2.22, 0.83, 0.84, 0.51, 1.04, 0.57, 0.46, 1.27]
Q = [0.223288 0.050652 0.102957 0.128362 0.120065 0.146878 0.111906 0.227998 0.126598 0.119388 0.051751 0.116938 0.111963 0.084496 0.140179
     0.050652 0.108610 0.044846 0.060217 0.058135 0.057322 0.048314 0.098807 0.070283 0.067022 0.042916 0.053272 0.048237 0.053975 0.061422
     0.102957 0.044846 0.121068 0.102158 0.126818 0.129976 0.091462 0.169875 0.091570 0.088371 0.047177 0.117218 0.100949 0.060702 0.099709
     0.128362 0.060217 0.102158 0.205463 0.127876 0.143001 0.097134 0.224326 0.142843 0.129343 0.063639 0.114827 0.118427 0.088922 0.137700 	 	 
     0.120065 0.058135 0.126818 0.127876 0.177921 0.166278 0.098534 0.210812 0.114019 0.110803 0.052976 0.144763 0.127518 0.080755 0.120062 
     0.146878 0.057322 0.129976 0.143001 0.166278 0.216385 0.123419 0.248569 0.144132 0.129098 0.052900 0.151390 0.139234 0.096961 0.143744 
     0.111906 0.048314 0.091462 0.097134 0.098534 0.123419 0.313549 0.198969 0.108623 0.109580 0.058604 0.092486 0.112651 0.080204 0.108351	
     0.227998 0.098807 0.169875 0.224326 0.210812 0.248569 0.198969 0.669174 0.236763 0.210236 0.096014 0.204521 0.241052 0.159675 0.257796
     0.126598 0.070283 0.091570 0.142843 0.114019 0.144132 0.108623 0.236763 0.298400 0.170018 0.069938 0.104620 0.111852 0.139053 0.138709
     0.119388 0.067022 0.088371 0.129343 0.110803 0.129098 0.109580 0.210236 0.170018 0.209926 0.071191 0.100983 0.092266 0.112925 0.129654 
     0.051751 0.042916 0.047177 0.063639 0.052976 0.052900 0.058604 0.096014 0.069938 0.071191 0.121865 0.049436 0.049885 0.051211 0.062107
     0.116938 0.053272 0.117218 0.114827 0.144763 0.151390 0.092486 0.204521 0.104620 0.100983 0.049436 0.166618 0.120087 0.075124 0.115066
     0.111963 0.048237 0.100949 0.118427 0.127518 0.139234 0.112651 0.241052 0.111852 0.092266 0.049885 0.120087 0.284394 0.093561 0.123463 
     0.084496 0.053975 0.060702 0.088922 0.080755 0.096961 0.080204 0.159675 0.139053 0.112925 0.051211 0.075124 0.093561 0.300972 0.097687
     0.140179 0.061422 0.099709 0.137700 0.120062 0.143744 0.108351 0.257796 0.138709 0.129654 0.062107 0.115066 0.123463 0.097687 0.269449]
σ₁ = 0.0011428077267816744
μ₁ = 0.21590323649932522

#== Vetores dos índices de mercado das ações utilizadas ==#
ITSA4 = [13.68
13.66
13.62
13.6
13.7
13.57
13.83
13.97
13.98
13.85
13.95
14.19
14.13
14.09
14.35
14.14
14.11
13.92
13.71
13.44
13.35
13.53
13.68
13.46
13.49
13.6
13.41
13.1
13.29
13.55
13.35
13.06
13.11
12.97
13.08
12.86
12.85
12.88
12.95
12.82
12.79
13.05
13.28
13.37
13.17
13.0
13.0
13.19
13.34
13.25
12.81
0.0
11.87
12.01
12.31
12.13
12.2
11.83
11.56
10.83
11.06
10.4
9.27
10.2
9.1
9.54
9.07
8.76
8.31
7.53
8.07
8.61
8.98
8.5
8.82
8.77
8.26
8.37
8.11
8.71
8.97
9.32
9.24
9.49
9.6
9.3
9.02
9.14
8.97
8.96
8.84
8.4
8.67
9.28
9.26
9.0
8.7
8.91
8.7
8.29
8.49
8.42
8.18
8.22
8.52
8.14
8.54
8.24
8.25
8.69
8.86
9.24
8.92
9.11
9.0
8.86
9.07
9.54
9.81
9.92
10.04
10.4
10.36
10.03
9.79
9.56
9.76
9.93
10.25
10.41
10.15
10.06
9.77
9.96
9.66
9.89
9.59
9.79
9.95
9.97
10.36
9.99
10.17
10.2
10.23
10.04
10.16
10.27
10.15
10.27
10.42
10.52
10.52
10.37
10.45
11.02
10.88
11.13
10.91
10.67
10.7
10.21
10.2
10.32
10.21
10.36
10.2
10.11
9.86
9.93
9.63
9.8
9.73
9.67
9.73
9.83
9.75
9.61
9.69
9.78
9.43
9.72
9.59
9.79
9.77
9.64
9.68
9.46
9.27
9.38
9.26
9.26
9.25
8.99
8.98
8.98
8.8
9.03
9.02
8.97
8.82
8.8
8.9
8.92
8.96
8.98
8.9
9.33
9.36
9.32
9.29
9.25
9.07
9.22
9.5
9.54
9.9
9.87
9.91
9.63
9.18
9.23
9.09
9.18
9.39
9.78
9.82
10.43
10.77
10.6
10.47
10.64
10.88
10.91
10.7
10.72
10.71
10.94
10.79
10.71
10.97
10.58
11.04
11.03
11.19
11.17
11.31]

CRFB3 = [19.639999
19.530001000000002
20.07
20.98
20.799999
21.02
21.469998999999998
22.309998999999998
22.33
23.0
23.23
23.35
23.299999
23.35
23.93
24.549999
23.48
23.34
22.9
23.4
23.639999
23.43
23.4
22.85
23.440001000000002
23.389999
23.540001
22.969998999999998
23.280001000000002
23.75
23.66
22.66
23.389999
23.6
23.120001000000002
22.59
22.549999
23.08
22.940001000000002
22.620001000000002
22.540001
22.15
22.049999
22.139999
22.02
21.65
22.4
22.040001
21.799999
21.469998999999998
21.5
0.0
19.610001
20.690001000000002
21.5
21.9
22.299999
21.280001000000002
21.32
20.24
21.15
20.440001000000002
18.0
19.32
17.6
19.799999
20.190001000000002
21.75
22.799999
22.42
21.799999
20.85
21.6
21.25
21.58
20.629998999999998
19.719998999999998
21.469998999999998
21.18
21.27
20.860001
20.85
20.0
20.700001
20.309998999999998
19.92
20.530001000000002
20.4
20.09
20.950001
20.6
19.99
20.129998999999998
19.82
20.200001
20.0
20.040001
19.860001
19.879998999999998
19.620001000000002
19.75
19.379998999999998
18.540001
18.120001000000002
17.9
17.379998999999998
17.18
17.129998999999998
17.4
17.799999
17.610001
17.99
17.790001
18.469998999999998
17.98
18.49
18.4
18.700001
18.85
18.5
18.25
18.4
18.370001000000002
18.01
18.5
18.299999
19.0
19.040001
19.16
19.809998999999998
19.4
19.73
19.629998999999998
20.0
19.5
19.84
19.75
19.940001000000002
20.120001000000002
20.200001
20.059998999999998
19.9
20.700001
20.15
20.200001
19.85
19.889999
19.67
19.440001000000002
20.219998999999998
20.33
20.9
20.85
20.5
20.629998999999998
21.360001
22.5
22.309998999999998
22.65
22.440001000000002
21.92
21.6
21.4
21.299999
21.25
21.299999
20.85
20.32
19.77
20.190001000000002
19.700001
20.07
19.65
19.860001
19.389999
19.360001
19.799999
19.200001
19.4
19.77
19.549999
20.200001
20.52
20.75
20.620001000000002
20.77
20.870001000000002
20.549999
20.48
20.58
20.92
21.049999
21.48
21.18
21.02
21.33
20.5
21.07
20.889999
20.23
20.059998999999998
20.49
20.719998999999998
20.360001
20.52
20.639999
20.49
20.860001
20.870001000000002
20.889999
20.98
20.700001
20.74
20.389999
20.700001
20.5
20.450001
20.120001000000002
20.25
20.129998999999998
19.700001
19.200001
18.450001
18.73
19.049999
19.370001000000002
19.780001000000002
19.93
19.639999
19.200001
19.01
19.379998999999998
19.780001000000002
19.889999
20.0
20.290001
19.299999
19.200001
19.049999
19.469998999999998
19.59
20.110001
19.84
19.4
19.440001000000002
19.389999
19.35] 

BRDT3 = [26.65
27.24
27.52
27.799999
27.52
28.5
29.200001
29.219998999999998
29.43
29.299999
30.200001
30.139999
30.43
30.07
30.74
30.559998999999998
29.030001000000002
28.99
28.85
28.09
28.200001
28.790001
28.799999
28.440001000000002
28.16
28.75
29.129998999999998
28.700001
29.049999
29.469998999999998
29.59
28.65
29.0
28.65
28.969998999999998
28.799999
29.35
29.23
29.59
29.299999
28.84
28.75
30.1
30.75
31.09
30.469998999999998
30.5
30.27
29.92
29.540001
28.99
0.0
26.209999
26.1
26.51
26.26
26.5
25.110001
24.629998999999998
22.200001
24.379998999999998
22.690001000000002
19.219998999999998
20.65
17.790001
18.25
15.6
14.96
14.68
13.74
14.9
16.559998999999998
17.799999
16.16
15.75
15.51
14.02
14.35
13.85
15.9
18.280001000000002
19.1
19.42
18.9
19.110001
19.49
18.530001000000002
18.41
18.67
19.07
18.299999
16.940001000000002
18.25
19.4
20.620001000000002
19.530001000000002
19.57
19.799999
19.360001
18.200001
19.049999
17.91
17.6
17.299999
18.549999
18.209999
19.01
19.35
19.549999
21.02
20.129998999999998
22.219998999999998
21.469998999999998
22.200001
22.18
21.639999
21.6
22.82
23.450001
23.389999
22.92
24.0
23.41
22.4
22.42
22.639999
22.26
22.99
22.879998999999998
22.219998999999998
21.790001
21.6
21.49
22.1
21.219998999999998
21.469998999999998
21.549999
21.799999
21.99
22.200001
22.48
22.41
22.959999
22.799999
22.610001
22.0
22.74
22.809998999999998
22.34
23.75
23.51
23.870001000000002
23.629998999999998
23.16
22.950001
22.92
22.870001000000002
23.290001
23.0
22.700001
21.799999
21.4
22.17
22.49
22.110001
22.07
21.809998999999998
21.610001
20.950001
21.09
20.549999
21.5
21.25
21.77
22.559998999999998
22.35
22.32
21.73
21.02
21.969998999999998
21.34
22.200001
22.0
21.91
22.379998999999998
22.969998999999998
23.09
22.49
22.110001
22.25
22.07
21.99
22.17
21.4
21.200001
21.35
20.85
21.09
20.879998999999998
20.25
20.07
20.15
21.0
20.360001
20.57
20.219998999999998
20.0
20.33
20.1
20.4
20.6
20.27
20.440001000000002
21.049999
20.959999
20.84
20.780001000000002
20.809998999999998
20.549999
20.23
19.139999
19.639999
19.18
19.15
19.82
20.940001000000002
21.33
21.870001000000002
22.6
22.200001
21.51
21.459999
21.870001000000002
21.690001000000002
21.18
21.01
20.35
20.99
21.040001
20.77
21.51
20.530001000000002
21.0
21.030001000000002
21.26
21.219998999999998
21.139999]



LREN3 = [52.900002
52.709998999999996
53.439999
54.049999
54.25
54.450001
54.139998999999996
55.099998
55.639998999999996
55.709998999999996
56.099998
56.869999
56.099998
56.189999
57.5
57.099998
57.049999
57.02
57.389998999999996
56.950001
57.130001
58.369999
57.630001
57.25
57.709998999999996
59.220001
59.5
58.950001
59.849998
60.869999
60.169998
58.880001
59.669998
60.0
59.200001
57.450001
57.779999
56.900002
57.200001
55.220001
55.57
54.959998999999996
56.490002000000004
56.650002
57.310001
56.450001
57.200001
56.849998
56.509997999999996
55.529999
56.0
0.0
51.049999
53.299999
53.0
53.330002
54.549999
51.799999
50.779999
46.0
50.25
47.09
43.209998999999996
46.779999
36.900002
38.540001000000004
32.0
36.799999
34.41
30.0
32.990002000000004
36.799999
38.689999
36.0
35.689999
33.560001
32.25
32.139998999999996
30.959999
34.75
37.0
37.75
36.580002
36.040001000000004
36.060001
35.75
35.650002
37.5
39.0
40.93
39.450001
37.669998
38.66
40.220001
40.57
38.389998999999996
37.209998999999996
36.349998
35.630001
33.310001
33.900002
32.700001
33.080002
31.780001000000002
33.299999
33.419998
36.200001
36.790001000000004
38.279999
40.77
37.369999
40.369999
38.150002
39.790001000000004
39.029999
38.549999
40.990002000000004
42.130001
44.18
44.560001
45.98
46.209998999999996
45.82
43.900002
42.98
42.130001
41.759997999999996
43.400002
43.040001000000004
43.91
42.939999
41.869999
41.049999
40.810001
40.599998
41.200001
41.799999
41.43
41.459998999999996
41.0
42.52
42.740002000000004
43.599998
44.110001000000004
44.41
42.77
41.91
41.580002
41.540001000000004
42.25
42.75
42.299999
42.68
41.07
41.200001
40.0
40.150002
41.700001
41.389998999999996
41.130001
40.82
39.48
40.740002000000004
42.849998
43.220001
42.650002
42.490002000000004
41.849998
40.639998999999996
41.610001000000004
40.580002
41.310001
39.759997999999996
41.119999
41.970001
41.990002000000004
43.790001000000004
43.0
42.689999
43.720001
43.470001
45.470001
45.580002
45.689999
46.299999
46.169998
46.110001000000004
44.07
43.099998
44.98
44.259997999999996
44.759997999999996
44.450001
42.240002000000004
41.450001
41.959998999999996
40.040001000000004
40.23
39.82
38.68
38.799999
39.650002
40.73
39.77
40.110001000000004
40.200001
39.650002
39.91
39.209998999999996
39.860001000000004
39.150002
39.700001
40.330002
41.849998
41.529999
40.5
40.779999
41.0
41.189999
40.889998999999996
39.68
39.619999
37.450001
38.049999
40.700001
42.549999
41.18
47.98
48.52
46.880001
45.380001
45.380001
47.5
48.849998
47.119999
46.939999
45.580002
46.07
46.400002
45.990002000000004
46.889998999999996
44.68
44.919998
46.029999
46.380001
45.990002000000004
45.07]

BBDC3 = [32.029999
31.91
31.85
32.23
32.52
32.029999
32.540001000000004
33.799999
34.299999
33.32
33.990002000000004
34.349998
34.130001
34.07
35.439999
34.869999
34.669998
34.080002
33.560001
33.23
32.650002
33.049999
33.119999
32.360001000000004
32.889998999999996
33.580002
33.060001
31.91
32.18
33.049999
32.869999
32.0
32.080002
31.4
31.700001
31.35
31.58
31.68
32.259997999999996
31.809998999999998
31.709999
31.879998999999998
32.75
32.279999
31.52
30.67
30.5
30.27
30.450001
29.76
29.370001000000002
0.0
26.65
27.290001
27.610001
27.15
27.360001
26.549999
25.709999
23.190001000000002
23.860001
21.969998999999998
19.17
22.299999
19.1
20.32
18.68
18.030001000000002
16.99
15.68
17.889999
19.309998999999998
19.99
18.83
19.25
18.809998999999998
17.99
18.389999
17.67
19.459999
20.540001
19.0091
18.799999
19.309099
19.780001000000002
19.0
18.629998999999998
18.870001000000002
18.42
18.42
17.889999
15.93
16.450001
18.07
18.77
17.559998999999998
16.889999
16.85
16.459999
15.92
16.629998999999998
16.34
15.82
15.7
16.379998999999998
15.81
16.559998999999998
16.0
16.299999
17.299999
17.02
18.379998999999998
17.549999
17.83
17.67
17.799999
18.370001000000002
19.049999
19.91
19.99
20.450001
21.43
21.209999
20.360001
19.889999
19.549999
20.190001000000002
20.459999
20.450001
19.99
19.639999
19.65
19.219998999999998
19.629998999999998
19.08
19.559998999999998
18.959999
19.280001000000002
19.43
19.43
20.73
19.879998999999998
20.559998999999998
20.299999
20.450001
20.040001
20.32
20.74
20.4
20.790001
21.049999
21.4
21.139999
20.879998999999998
20.719998999999998
21.58
21.42
22.059998999999998
21.5
20.73
20.65
20.02
20.139999
20.42
20.290001
20.459999
20.200001
20.1
19.51
19.67
19.15
19.42
19.35
19.219998999999998
19.309998999999998
19.610001
19.6
19.16
19.559998999999998
19.93
19.030001000000002
19.620001000000002
19.6
20.35
20.32
19.93
19.98
19.309998999999998
18.870001000000002
19.16
18.92
19.040001
19.110001
18.77
18.440001000000002
18.629998999999998
18.139999
18.43
18.389999
18.219998999999998
17.889999
18.02
18.049999
18.120001000000002
18.52
18.41
18.17
19.200001
19.16
19.17
19.209999
19.17
18.66
18.889999
19.59
19.77
20.440001000000002
20.48
20.629998999999998
20.1
18.889999
18.74
18.17
18.629998999999998
18.620001000000002
18.98
18.92
20.73
21.889999
21.93
21.16
21.610001
22.690001000000002
22.82
22.290001
22.290001
22.129998999999998
22.940001000000002
22.57
22.18
22.209999
21.65
22.799999
22.99
22.83
22.889999
23.200001]

BBAS3 = [48.619999
47.919998
47.849998
48.91
48.529999
47.869999
48.950001
50.639998999999996
51.16
51.060001
52.599998
53.200001
52.970001
52.82
53.799999
53.709998999999996
53.0
52.599998
52.119999
51.060001
49.860001000000004
50.419998
50.150002
49.23
49.450001
50.119999
49.799999
48.360001000000004
48.740002000000004
51.48
50.799999
50.299999
50.709998999999996
49.459998999999996
49.799999
48.540001000000004
48.779999
48.25
50.400002
49.549999
49.599998
49.110001000000004
51.32
51.619999
50.82
49.849998
49.099998
49.57
49.689999
49.18
49.220001
0.0
45.790001000000004
46.860001000000004
47.150002
45.77
45.82
43.110001000000004
42.299999
37.630001
39.610001000000004
36.189999
31.25
36.490002000000004
30.4
31.870001000000002
26.610001
25.57
24.6
22.129998999999998
25.92
29.030001000000002
30.49
28.24
28.99
27.889999
26.709999
27.02
25.5
27.860001
29.17
29.73
29.65
30.24
30.209999
29.65
28.799999
29.58
28.99
28.860001
28.049999
24.299999
25.690001000000002
29.139999
29.559998999999998
28.5
27.76
27.799999
26.99
26.26
27.1
27.27
26.309998999999998
25.549999
26.65
26.15
27.4
26.66
27.33
29.26
28.51
31.5
30.790001
30.9
30.790001
30.84
31.799999
32.82
34.75
34.939999
35.200001
36.389998999999996
35.790001000000004
34.209998999999996
33.349998
33.07
33.5
34.5
34.400002
33.939999
33.240002000000004
33.529999
32.220001
33.009997999999996
31.82
33.439999
32.150002
33.07
33.16
33.5
34.669998
33.279999
34.09
33.959998999999996
34.139998999999996
33.799999
34.349998
34.689999
34.400002
35.459998999999996
35.32
35.490002000000004
35.200001
34.349998
33.950001
34.91
35.029999
35.950001
34.799999
33.580002
34.349998
33.299999
33.330002
34.349998
34.110001000000004
34.43
33.93
33.75
33.07
33.18
32.330002
32.77
32.619999
32.650002
32.950001
33.450001
33.25
32.450001
32.75
33.389998999999996
32.650002
33.209998999999996
33.25
33.77
33.950001
33.259997999999996
33.220001
32.529999
32.0
32.360001000000004
31.99
32.09
32.150002
31.34
30.879998999999998
30.82
30.18
30.42
30.299999
30.51
29.76
29.620001000000002
29.790001
29.709999
30.23
30.030001000000002
29.809998999999998
31.25
31.040001
31.049999
30.85
31.059998999999998
30.27
30.6
32.009997999999996
32.25
33.650002
33.560001
33.5
32.779999
31.139999
30.959999
29.799999
30.1
30.32
30.690001000000002
30.4
32.700001
34.369999
34.16
32.73
33.009997999999996
33.900002
34.200001
34.279999
34.619999
34.52
35.439999
35.34
34.779999
34.740002000000004
33.860001000000004
34.790001000000004
34.939999
35.240002000000004
35.669998
36.939999]

CIEL3 = [8.14
8.1
8.25
8.4
8.78
8.33
8.79
8.74
8.54
8.47
8.53
8.7
8.54
8.37
8.57
8.46
8.25
8.01
7.83
7.35
7.4
7.43
7.49
7.27
7.3
7.23
7.05
6.9
7.16
7.12
7.0
7.0
7.25
6.96
7.09
7.07
7.16
6.96
7.04
7.37
7.36
7.24
7.13
7.32
7.2
7.29
7.24
7.4
7.45
7.2
7.05
0.0
6.49
6.85
7.08
7.2
7.37
6.88
6.56
6.02
6.34
5.95
4.69
5.67
5.0
5.46
5.09
4.65
4.43
4.14
4.05
5.0
5.0
4.61
4.76
4.44
4.28
4.23
3.98
4.05
4.11
5.02
4.83
4.95
4.83
4.81
4.62
4.53
4.4
4.41
4.26
4.08
4.11
4.18
4.23
4.06
3.94
3.91
3.81
3.6
3.76
3.64
3.54
3.33
3.55
3.47
3.7
3.6
3.56
3.48
3.41
3.68
3.81
4.0
4.05
4.09
4.17
4.4
4.54
4.38
4.5
4.64
4.84
4.56
4.21
4.8
4.96
5.18
5.63
5.7
5.51
5.4
4.7
4.87
4.63
4.62
4.62
4.87
4.85
4.8
4.83
4.75
5.0
4.9
4.91
4.98
4.9
4.9
4.82
5.26
5.24
5.33
5.52
5.22
5.27
5.24
5.12
4.94
4.84
5.37
5.4
5.13
5.06
5.6
5.25
5.15
5.06
5.03
4.99
4.95
4.8
4.84
4.9
4.88
4.94
5.03
4.86
4.74
4.65
4.66
4.56
4.55
4.68
4.56
4.68
4.7
4.69
4.64
4.44
4.75
4.6
4.58
4.56
4.26
4.15
4.25
4.13
4.17
4.15
4.07
3.97
3.93
3.97
3.93
3.91
3.9
3.7
3.8
3.71
3.7
3.67
3.65
3.57
3.8
3.84
3.77
3.77
3.71
3.88
3.86
3.41
3.42
3.37
3.3
3.33
3.62
3.74
3.7
3.75
3.8
3.69
3.73
3.77
3.73
3.76
3.77
3.77
3.76
3.74
3.86
3.79
3.55
3.6
3.58
3.78
3.76
3.83]

GOLL4 = [36.689999
35.0
35.299999
35.700001
36.18
36.330002
35.330002
35.150002
36.439999
35.889998999999996
36.459998999999996
36.650002
36.919998
36.799999
37.169998
35.900002
34.25
34.450001
35.810001
36.650002
37.240002000000004
38.0
37.990002000000004
36.970001
36.639998999999996
37.93
37.799999
36.68
37.18
39.049999
37.82
35.299999
36.189999
34.939999
35.040001000000004
34.25
34.349998
35.16
36.189999
35.75
34.459998999999996
34.16
36.200001
36.299999
35.400002
36.0
36.389998999999996
35.869999
36.349998
34.799999
33.82
0.0
26.4
25.6
26.110001
25.120001000000002
24.809998999999998
20.65
21.049999
17.379998999999998
18.32
15.65
9.97
11.17
8.04
7.78
5.6
6.25
7.28
6.93
8.1
10.94
13.04
12.59
12.3
11.37
9.98
10.13
9.47
10.15
10.95
11.99
11.63
11.45
11.46
12.28
11.76
12.0
12.07
11.9
12.11
10.67
10.92
12.19
13.34
12.4
11.15
11.78
11.52
10.75
11.0
10.54
10.0
10.07
10.43
10.86
12.43
11.65
12.68
12.5
12.23
12.6
12.29
12.37
12.24
12.03
13.06
15.11
17.59
17.040001
18.700001
23.99
22.4
20.24
18.540001
19.51
19.16
18.889999
18.66
18.379998999999998
17.950001
19.9
18.24
19.15
18.33
18.799999
18.549999
19.02
18.870001000000002
19.559998999999998
20.17
20.15
19.84
19.709999
20.9
20.17
20.52
21.950001
21.030001000000002
20.799999
20.620001000000002
20.66
20.0
19.1
18.84
18.52
19.08
18.450001
18.549999
17.91
17.629998999999998
17.65
17.629998999999998
18.6
17.969998999999998
17.98
19.5
18.75
18.23
18.68
17.549999
18.139999
17.75
17.700001
17.709999
18.34
18.09
17.549999
18.299999
18.98
17.889999
18.82
18.860001
19.27
19.98
20.389999
19.84
20.25
19.76
21.200001
20.860001
21.57
21.110001
20.1
18.4
18.18
17.860001
17.940001000000002
17.84
17.469998999999998
16.469998999999998
17.08
17.9
17.389999
17.66
18.950001
18.299999
18.51
19.110001
19.16
19.620001000000002
19.530001000000002
19.049999
19.91
19.719998999999998
19.41
19.6
19.68
18.959999
18.6
16.92
16.610001
15.69
15.62
15.87
17.440001000000002
17.65
21.049999
20.780001000000002
20.26
19.059998999999998
19.43
21.219998999999998
21.280001000000002
21.940001000000002
23.02
22.709999
23.469998999999998
23.559998999999998
23.24
23.09
23.52
23.870001000000002
25.15
27.360001
26.84
28.290001]

MGLU3 = [11.4625
11.65
11.895
11.9575
12.2675
12.325
11.97
12.1325
12.155
12.1475
12.185
12.2725
12.1825
11.925
12.3325
12.2225
12.2325
12.1975
12.5725
13.02
12.95
13.5575
13.5
13.415
13.365
13.5875
14.0
13.9775
13.9225
14.145
14.0375
13.45
14.2475
14.3225
14.125
13.95
14.1325
14.415
14.325
13.9575
13.5575
13.095
13.5675
13.985
14.2625
14.0825
14.7125
14.555
14.465
14.135
14.1125
0.0
12.5625
12.63
13.1375
13.2125
13.1125
11.9475
11.3325
10.09
11.7475
10.77
8.5
10.5
8.5175
8.8925
7.2025
7.6375
7.6625
7.5525
9.17
10.0
10.28
9.75
10.4
9.7475
9.37
8.9725
8.885
9.55
10.0225
10.49
10.4125
10.4775
10.725
10.9625
11.3925
11.1475
12.12
12.6375
12.3675
11.845
12.375
12.95
12.655
12.425
12.86
12.55
13.7875
14.1975
13.885
13.7375
13.7
13.775
13.875
13.7825
13.9375
14.645
14.225
14.5725
14.4125
15.1
16.120001000000002
16.84
16.3125
16.0875
15.925
15.45
15.595
15.1225
14.8625
15.595
15.595
16.15
15.9875
16.4625
16.5
16.797501
17.424999
17.85
17.725
17.5625
17.450001
17.422501
17.3375
17.602501
17.9125
18.075001
17.525
18.0
17.997498999999998
18.68
19.174999
19.85
20.045
20.125
20.125
20.375
20.045
20.5
21.75
21.075001
21.1625
20.1
19.9175
19.8375
20.1
20.0525
20.8225
20.1775
20.6425
20.625
20.75
21.477501
21.4125
20.4825
20.247498999999998
20.014999
20.112499
20.440001000000002
20.4125
22.375
22.424999
21.8375
21.8375
21.77
22.0
22.5375
22.995001000000002
23.645
23.305
23.8325
23.377501000000002
22.125
22.192498999999998
21.922501
22.799999
22.0625
21.8925
22.575001
22.395
22.2925
21.775
21.790001
22.174999
22.372498999999998
21.620001000000002
22.325001
22.657498999999998
21.8675
21.870001000000002
22.299999
22.975
22.012501
22.535
22.325001
22.235001
22.967501000000002
24.5375
26.0
25.68
25.51
25.870001000000002
25.690001000000002
26.040001
26.219998999999998
26.1
25.77
25.469998999999998
25.450001
24.629998999999998
25.360001
24.629998999999998
24.99
26.190001000000002
27.450001
27.0
26.450001
25.219998999999998
25.58
25.48
25.030001000000002
24.85
24.73
24.540001
24.639999
23.42
23.700001
24.0
24.25
24.25
23.379998999999998
22.879998999999998
23.049999
23.299999
23.719998999999998
24.1]

LAME4 = [24.984501
24.85
24.700001
26.190001000000002
26.74
26.5
25.870001000000002
25.700001
25.85
26.139999
26.4
26.65
26.09
25.91
26.799999
26.85
26.540001
26.01
25.82
26.52
26.469998999999998
26.99
27.870001000000002
27.5
27.85
28.33
29.01
29.01
28.52
29.059998999999998
28.950001
28.219998999999998
28.469998999999998
28.4
27.709999
27.549999
27.299999
27.799999
27.450001
26.690001000000002
26.200001
25.99
27.110001
27.290001
27.59
27.120001000000002
27.43
27.299999
27.219998999999998
26.84
28.9
0.0
26.030001000000002
26.6
26.65
27.09
27.700001
25.940001000000002
23.85
21.91
23.549999
21.65
17.74
21.469998999999998
17.49
18.4
16.17
16.34
17.610001
17.49
19.290001
20.030001000000002
20.85
19.0
19.040001
18.0
17.950001
18.549999
17.440001000000002
19.5
20.459999
21.889999
21.299999
20.690001000000002
21.02
21.530001000000002
22.370001000000002
21.75
22.83
25.17
24.459999
22.5
24.0
25.190001000000002
25.77
24.879998999999998
25.26
25.540001
27.42
26.799999
26.9
26.27
26.219998999999998
27.209999
27.17
26.51
26.889999
27.809998999999998
26.84
26.85
25.35
25.75
26.9
28.9
28.709999
28.25
29.299999
29.93
30.23
30.389999
29.700001
29.799999
30.25
30.629998999999998
31.299999
31.799999
31.559998999999998
32.700001
33.400002
32.93
32.5
32.689999
31.799999
32.400002
31.129998999999998
32.0
32.18
32.59
31.200001
31.0
32.599998
31.75
32.119999
35.369999
35.16
34.150002
34.650002
35.299999
34.720001
35.400002
35.330002
35.639998999999996
36.599998
35.759997999999996
35.529999
35.07
34.720001
34.82
35.02
34.099998
34.389998999999996
34.099998
34.189999
34.549999
34.490002000000004
33.98
34.669998
35.139998999999996
35.299999
34.240002000000004
33.119999
33.68
32.75
32.98
33.02
32.799999
33.0
32.119999
32.360001000000004
33.209998999999996
32.27
33.0
32.560001
30.860001
30.84
30.969998999999998
30.91
30.15
29.49
31.15
31.26
30.879998999999998
30.110001
29.4
29.49
29.139999
28.870001000000002
28.879998999999998
29.040001
27.799999
28.370001000000002
28.389999
29.33
28.59
28.459999
28.540001
27.73
27.700001
27.200001
27.799999
27.25
27.82
27.360001
27.5
27.4
26.58
26.02
25.77
26.129998999999998
25.85
24.719998999999998
24.690001000000002
23.23
23.77
24.950001
25.26
25.02
25.27
25.110001
24.42
23.93
24.040001
23.58
23.870001000000002
24.389999
24.26
23.700001
23.709999
23.65
23.700001
23.91
22.93
22.99
23.02
23.65
24.82
25.690001000000002]

RADL3 = [20.558001
20.780001000000002
20.299999
20.724001
21.402
21.066
21.202
20.986
21.152
21.454
21.672001
21.950001
21.983999
22.327999
22.966
22.454
22.011999
21.709999
22.0
22.662001
21.959999
22.474001
22.809998999999998
22.878
22.764
23.136
23.822001
25.1
25.15
24.698
24.799999
25.0
24.974001
25.718
25.059998999999998
24.844
24.761999
24.624001
24.362
24.25
24.1
23.944
24.257998999999998
24.431998999999998
24.0
24.436001
24.15
23.98
24.048
23.818001000000002
24.534
0.0
22.652
23.98
24.914
24.978001000000003
24.98
24.841998999999998
24.629998999999998
23.177999
23.360001
23.0
20.048
20.997999
19.0
20.652
20.16
21.434
22.472
22.98
21.643998999999997
22.577999
22.091998999999998
21.431998999999998
20.868
20.370001000000002
20.68
20.969998999999998
19.0
19.4
20.098
20.278
20.392
20.216
19.98
20.441999
21.0
20.782
21.690001000000002
22.204
21.389999
20.908001000000002
21.209999
22.110001
21.716
20.955999
20.912001
20.822001
20.704
20.738001
20.936001
21.0
21.653999
21.120001000000002
21.108
20.566
21.186001
20.604
20.59
21.482
21.112
21.392
21.822001
22.392
21.893998999999997
21.888
21.950001
22.674
22.393998999999997
22.360001
22.200001
22.129998999999998
22.09
22.32
21.66
21.754
21.799999
22.271998999999997
21.82
22.846001
21.576
21.85
21.6
22.018
21.704
22.048
22.124001
23.194
22.906
22.924
22.940001000000002
22.548
22.497999
22.5
22.120001000000002
21.906
22.030001000000002
22.474001
22.4
22.516001
23.184
23.424
23.59
22.879998999999998
22.83
23.532
23.5
24.120001000000002
25.054001
24.82
23.691999
23.681998999999998
23.59
23.728001000000003
23.802
23.18
22.865999
22.299999
22.018
22.596001
22.076
22.190001000000002
21.427999
21.75
21.5
21.566
21.486
21.587999
21.549999
21.530001000000002
21.559998999999998
22.43
22.524
22.316
22.468
22.936001
22.684
22.52
22.695999
22.785999
22.796
22.862
22.799999
23.094
22.860001
23.110001
22.83
23.4
23.049999
22.120001000000002
21.93
23.42
24.09
23.9
24.559998999999998
24.639999
24.91
25.32
25.25
25.690001000000002
26.389999
25.99
25.91
25.290001
26.200001
26.16
25.639999
25.639999
25.57
26.08
24.200001
24.389999
24.059998999999998
23.5
24.49
25.58
25.23
25.17
25.59
26.049999
25.33
26.639999
27.030001000000002
26.469998999999998
26.07
25.860001
26.32
25.700001
25.629998999999998
25.35
25.9
25.85
24.98
24.33
24.309998999999998
24.700001
24.49]

SANB11 = [44.470001
44.549999
44.32
44.25
44.529999
45.25
45.09
46.580002
46.810001
47.259997999999996
47.209998999999996
48.040001000000004
48.310001
49.299999
51.040001000000004
51.009997999999996
47.509997999999996
47.41
47.040001000000004
46.150002
45.950001
46.52
45.880001
45.259997999999996
45.169998
46.110001000000004
45.709998999999996
43.939999
43.509997999999996
44.459998999999996
44.139998999999996
43.98
43.419998
42.43
42.209998999999996
41.799999
42.09
42.049999
42.400002
41.75
41.599998
42.630001
43.34
43.009997999999996
41.5
41.060001
40.91
40.709998999999996
41.34
41.400002
40.48
0.0
38.779999
38.869999
38.93
38.529999
38.369999
37.66
36.349998
32.450001
33.59
30.799999
26.65
29.969998999999998
26.389999
27.6
25.790001
25.360001
25.6
24.309998999999998
27.57
29.530001000000002
30.17
27.23
28.200001
27.0
24.74
25.51
23.860001
26.139999
27.360001
27.73
27.58
28.290001
28.200001
26.92
25.879998999999998
26.5
25.950001
25.4
25.030001000000002
23.440001000000002
24.459999
27.219998999999998
28.219998999999998
27.0
25.74
25.139999
24.91
23.91
24.43
24.690001000000002
23.24
22.98
23.940001000000002
22.959999
24.540001
23.51
23.77
25.049999
24.610001
25.91
25.139999
25.9
25.23
25.18
26.610001
28.129998999999998
29.389999
30.440001000000002
31.129998999999998
32.330002
31.889999
30.33
29.92
29.299999
30.370001000000002
30.98
30.709999
30.65
30.790001
30.25
28.85
29.41
28.34
29.049999
28.02
28.469998999999998
28.690001000000002
28.450001
29.77
28.52
29.5
29.0
29.030001000000002
28.389999
28.799999
29.4
29.25
29.809998999999998
29.85
30.690001000000002
29.57
28.959999
29.030001000000002
29.67
30.0
30.959999
31.049999
30.01
29.639999
28.809998999999998
28.9
29.799999
29.25
30.34
29.969998999999998
29.950001
28.860001
29.09
28.559998999999998
29.129998999999998
29.0
28.9
28.9
29.35
29.139999
28.389999
28.82
29.280001000000002
28.559998999999998
29.200001
28.68
29.65
30.41
29.91
29.709999
28.799999
28.440001000000002
28.629998999999998
28.440001000000002
28.23
27.940001000000002
27.34
27.299999
27.49
26.84
27.440001000000002
27.200001
27.77
27.09
27.959999
27.9
28.4
28.469998999999998
28.540001
28.469998999999998
30.84
31.4
31.780001000000002
32.169998
31.700001
30.709999
31.01
31.780001000000002
32.119999
33.450001
33.720001
34.240002000000004
33.279999
32.34
33.189999
31.85
32.360001000000004
32.049999
32.259997999999996
31.719998999999998
34.189999
36.310001
36.310001
35.18
35.900002
37.919998
38.869999
39.130001
39.299999
38.639998999999996
40.560001
40.790001000000004
40.279999
40.830002
39.139998999999996
42.689999
41.970001
41.98
41.529999
43.509997999999996]

EMBR3 = [18.5
18.43
18.57
18.82
19.030001000000002
18.959999
19.16
19.42
19.290001
19.65
19.73
19.719998999999998
19.719998999999998
19.73
20.200001
20.41
20.379998999999998
20.5
20.33
20.190001000000002
20.110001
20.459999
20.370001000000002
20.0
19.65
19.549999
19.389999
18.93
19.200001
18.99
18.549999
18.139999
18.200001
18.18
18.1
18.139999
18.040001
18.25
18.41
18.65
18.389999
18.51
18.940001000000002
19.129998999999998
19.17
18.559998999999998
18.870001000000002
18.77
19.040001
19.68
19.540001
0.0
17.18
16.959999
17.15
16.91
17.24
16.549999
15.92
14.96
15.17
14.22
10.46
11.68
10.0
10.48
9.03
9.65
8.4
7.74
9.05
10.57
10.13
8.97
9.32
9.54
9.44
9.25
8.48
8.86
8.75
9.34
9.63
9.76
9.62
9.28
9.25
9.55
9.2
8.97
9.27
8.28
7.66
8.17
8.82
8.65
7.72
7.5
7.16
7.01
7.54
7.19
6.78
6.19
6.57
6.23
6.59
6.44
6.58
6.59
6.47
6.86
6.64
7.27
6.98
7.15
7.41
8.24
8.52
8.93
9.04
10.7
10.31
9.33
8.82
8.58
9.05
8.95
8.87
8.76
8.45
8.52
8.09
8.15
7.83
8.42
8.09
8.1
8.17
8.19
8.47
8.2
8.18
7.99
8.06
8.16
8.01
8.8
8.26
8.38
8.32
8.5
8.31
8.22
8.02
8.02
8.17
8.18
7.95
7.61
7.66
7.47
7.66
7.58
7.5
7.93
8.02
7.8
7.6
7.68
7.39
7.39
7.16
7.16
7.24
7.64
7.66
7.31
7.33
7.56
7.34
7.67
7.57
7.44
7.41
7.36
7.19
7.01
6.81
6.9
6.87
6.92
6.97
6.68
6.36
6.18
6.04
6.18
6.12
6.36
6.1
6.24
6.47
6.49
6.42
6.62
6.37
6.69
6.69
6.49
6.57
6.6
6.47
6.4
6.59
6.79
6.82
7.09
6.88
6.45
6.05
6.11
6.03
6.03
6.24
6.61
6.55
7.41
7.32
7.18
7.02
7.5
8.05
8.1
8.05
8.08
8.21
8.41
8.31
8.27
8.32
8.1
8.21
8.42
9.35
9.25
9.38]

MRFG3 = [10.87
11.19
11.1
10.97
10.91
10.87
10.7
10.25
9.72
9.49
9.4
9.69
9.76
9.96
10.06
10.28
10.09
10.4
10.66
10.91
10.75
11.05
11.36
11.91
12.1
12.1
12.27
12.35
12.1
12.14
12.1
11.22
11.57
11.1
10.82
10.97
11.25
11.3
11.63
11.44
11.09
10.32
10.91
10.78
11.3
11.65
12.54
13.46
13.75
13.77
13.99
0.0
12.05
12.07
12.9
12.3
12.73
11.83
11.26
8.57
9.92
9.18
7.34
9.19
7.58
7.9
6.44
7.11
7.11
7.43
7.9
8.29
8.4
8.52
8.95
8.85
9.2
8.85
8.62
9.32
8.94
8.95
8.86
9.39
9.5
9.5
9.39
9.38
9.57
10.33
10.47
10.45
11.5
12.54
12.51
12.84
12.47
12.5
12.69
13.62
13.25
13.75
14.27
14.51
14.35
14.04
13.11
13.48
13.06
12.51
12.63
12.3
12.35
13.05
12.89
13.03
13.15
13.02
12.75
13.15
12.68
12.87
12.66
12.6
12.88
12.8
13.12
13.02
13.47
13.2
12.83
12.5
12.91
12.71
12.55
12.56
12.61
12.37
12.2
12.35
12.62
13.62
13.31
13.08
13.28
13.0
12.87
13.32
13.44
14.61
15.1
15.28
15.36
15.16
14.83
14.88
14.95
14.55
14.63
14.41
14.5
14.15
14.06
13.94
13.86
14.16
14.05
14.72
14.78
15.26
16.08
16.25
17.219998999999998
17.459999
17.469998999999998
17.809998999999998
17.83
18.07
17.870001000000002
17.620001000000002
17.799999
17.200001
17.52
16.9
16.719998999999998
16.33
16.27
16.6
16.120001000000002
16.51
17.110001
16.700001
16.540001
16.43
16.530001000000002
16.290001
15.63
15.67
15.74
15.07
15.0
15.25
15.2
14.94
15.05
14.5
14.55
14.68
14.2
14.87
15.35
15.49
15.54
15.12
15.3
15.18
15.17
14.66
14.85
14.53
14.24
14.09
13.77
13.75
13.89
14.28
14.32
14.19
14.52
14.96
15.06
14.93
14.64
14.47
14.82
14.45
14.72
14.92
14.79
14.93
15.1
14.68
14.45
14.46
14.22
14.18
14.68]

MRVE3 = [19.459999
19.540001
19.65
20.860001
22.16
22.35
21.870001000000002
21.540001
21.73
20.950001
20.98
21.530001000000002
21.940001000000002
21.549999
22.200001
22.200001
21.9
22.0
21.620001000000002
21.459999
21.25
21.57
22.049999
21.700001
21.620001000000002
21.690001000000002
22.290001
21.65
21.809998999999998
21.75
21.65
20.17
20.110001
21.049999
21.18
20.870001000000002
20.58
21.15
21.6
21.1
20.030001000000002
19.799999
20.16
20.450001
20.52
19.959999
20.0
20.190001000000002
20.389999
20.459999
20.51
0.0
18.17
19.49
19.32
18.67
19.040001
17.27
17.299999
15.35
16.58
15.78
12.6
13.97
12.73
12.86
10.28
10.71
11.56
10.36
12.03
13.1
14.24
13.6
13.04
12.24
11.0
11.4
11.23
11.97
12.37
12.91
13.36
13.29
13.39
13.44
13.35
13.36
13.7
14.6
14.18
13.0
13.7
14.77
15.65
15.15
14.84
14.66
14.5
13.94
13.83
13.81
13.62
13.23
13.51
13.6
15.48
15.13
15.07
15.28
14.93
16.74
16.33
16.620001000000002
15.75
15.17
15.79
16.65
17.58
17.18
17.49
18.0
17.15
16.879998999999998
16.35
16.870001000000002
16.85
17.120001000000002
16.780001000000002
17.73
17.780001000000002
18.26
17.84
17.91
17.360001
17.82
18.0
18.74
18.549999
19.27
19.059998999999998
19.33
20.200001
20.309998999999998
21.57
21.0
20.860001
20.440001000000002
20.700001
20.77
21.24
20.66
20.49
19.92
19.48
19.66
19.65
19.959999
19.75
19.139999
18.459999
18.58
18.860001
18.99
18.549999
18.299999
17.950001
17.75
17.9
18.299999
17.440001000000002
18.799999
18.299999
18.610001
19.26
19.110001
18.93
18.540001
18.18
18.24
17.969998999999998
18.32
18.24
18.219998999999998
17.93
17.889999
18.209999
17.799999
17.299999
17.91
17.620001000000002
17.49
17.02
16.27
16.1
16.700001
16.379998999999998
16.6
16.5
15.7
15.75
16.09
16.73
16.469998999999998
16.42
16.57
16.75
16.809998999999998
18.24
17.84
17.67
18.16
18.18
18.110001
18.879998999999998
18.57
18.23
18.360001
17.950001
17.799999
17.309998999999998
17.549999
16.85
16.969998999999998
17.92
18.25
18.33
19.379998999999998
19.83
19.450001
18.620001000000002
19.59
20.889999
20.129998999999998
19.65
19.33
19.85
20.059998999999998
19.860001
19.68
19.67
18.93
19.889999
19.65
20.620001000000002
20.030001000000002
19.83] ==#